# BEGIN CATALOG HEADER 
# catdb sqlcl.query 
# catname dss1@cadc 
# nquery 4 
#     ra 158.3998125 hours 
#     dec 0.34 degrees 
#     radius 10  minutes 
#     qsystem J2000.0 INDEF 
# type btext 
# nheader 1 
#     csystem J2000.0 
# nfields 13 
#       ra   1 0 d degrees %10.5f 
#     dec    2 0 d degrees %10.5f 
#     id   3 0 c NDEF %11s 
#     u       4 0 d degrees %6.3f 
#     uerr    5 0 d degrees %6.3f 
#     g       6 0 d degrees %6.3f 
#     gerr    7 0 d degrees %6.3f 
#     r       8 0 r INDEF %6.3f 
#     rerr    9 0 r INDEF %6.3f 
#     i      10 0 r INDEF %6.3f 
#     ierr   11 0 r INDEF %6.3f 
#     z      12 0 r INDEF %6.3f 
#     zerr   13 0 r INDEF %6.3f 
 10.56238221	  0.33533431	675576	17.90639	0.012713	 16.5546	0.004336	16.06299	0.004511	15.91311	0.004593	15.84263	0.007017
 10.54908405	  0.34474004	675639	19.15869	0.025145	17.95024	0.005956	17.35446	0.005629	17.20258	0.005937	17.09982	0.012436
 10.53920099	  0.34302182	675565	18.07633	0.013871	16.80535	0.004469	16.33721	0.004687	16.19391	0.004808	16.14648	0.007838
 10.55590775	  0.35568959	675573	18.07225	0.013784	16.91663	0.004556	16.49163	0.004749	16.35200	0.004842	16.29756	0.008373
 10.56459067	  0.35565671	675578	17.52749	0.010583	16.02559	0.004047	15.46623	0.004280	15.27770	0.004278	15.20947	0.005803
  10.5588577	  0.32017787	675699	24.11356	0.851906	21.42693	0.043425	19.97285	0.020646	18.64820	 0.01118	17.96164	0.021067
 10.55506766	  0.31453949	675641	21.83682	 0.16344	19.14598	0.009932	17.74749	0.006442	17.02932	0.005663	16.64351	0.009817
 10.57785876	  0.35259142	740995	17.72983	0.011595	16.00806	0.004054	15.29946	0.004251	15.04565	0.004244	14.91882	0.005478
 10.53771714	  0.37343211	675635	19.39876	0.028796	17.87811	0.005837	17.23947	0.005518	16.96371	0.005586	16.82343	0.010739
 10.51092164	  0.36553877	675521	15.57405	0.006087	15.76441	0.012456	13.64096	0.002836	13.53573	0.001377	13.63552	0.006466
 10.52443551	  0.36615309	675563	18.93374	0.021833	18.08159	0.006214	17.77257	0.006489	17.64766	0.006949	17.59344	0.016498
 10.51526614	  0.32171905	675623	19.72786	0.035417	17.24205	0.004919	16.20504	0.004682	15.84444	0.004671	15.66483	0.006634
 10.52744373	   0.3793778	675627	21.14170	0.094122	18.64122	0.007830	17.54123	0.006014	17.13502	0.005844	16.89633	0.011124
 10.52970603	  0.30375373	675629	19.49192	0.030674	17.71507	0.005536	17.00210	0.005279	16.74981	0.005361	16.63632	0.009755
 10.53112368	  0.37779609	675631	21.43497	0.122369	18.84314	0.008623	17.40832	0.005655	16.32437	0.004647	15.74824	0.006606
 10.52491966	  0.38274611	675681	23.66069	0.666044	20.27201	0.019132	18.82300	0.010261	18.08380	0.008431	17.65789	0.017216
 10.60770556	  0.34046127	741000	18.94062	0.021828	17.44909	0.005167	16.83818	0.005025	16.61002	0.005029	16.51155	0.009211
 10.61057088	  0.35408126	741146	21.02106	0.083597	18.36105	0.007019	16.91427	0.005110	15.43234	0.004313	14.64204	0.005206
 10.59226947	  0.30972928	741416	23.84007	0.739653	21.18654	0.036064	19.85254	0.019129	19.11007	0.014814	18.74893	0.036951
 10.49598816	  0.29764753	675515	18.57329	0.017971	16.08440	0.004106	14.88534	0.004313	14.88722	0.001707	14.18146	0.004864
 10.50985475	  0.40055045	675533	22.95607	0.409899	20.62623	0.024153	19.33482	0.013611	18.72416	0.011739	18.42703	0.029283
 10.49301074	  0.33605954	675613	22.22794	0.227651	19.64658	0.013025	18.16895	0.007578	16.72202	0.005299	15.93794	0.007201
 10.49432946	  0.37136612	675617	21.58738	 0.13582	19.04434	0.009412	17.99258	0.007046	17.59984	0.006866	17.37343	0.014456
 10.52403787	  0.39882737	675625	19.35668	0.027515	17.62720	0.005427	16.95054	0.005183	16.70658	0.005262	16.59066	0.009477
 10.53680268	  0.27161885	675633	20.40640	0.055787	19.60853	 0.01273	19.33471	0.013615	19.17111	0.015479	19.14621	0.050991
 10.55991574	  0.26350389	675643	22.88868	0.376475	20.04127	0.016437	18.59909	0.009137	17.63674	0.006948	17.13998	0.012642
 10.48820652	  0.31859139	675671	22.91881	0.401614	20.44476	0.021424	18.94297	 0.01087	17.46116	0.006597	16.65967	0.009890
 10.52094312	  0.29614819	675678	23.02772	0.423052	20.16459	0.017809	18.77675	0.009990	18.13255	0.008556	17.75722	0.018305
 10.50326787	  0.32835465	675697	24.05330	0.851758	21.02524	0.032016	19.56555	0.015663	18.42392	0.009900	17.77184	0.018478
 10.50958309	  0.37149356	676074	24.41783	0.944768	20.73981	 0.02632	19.54403	0.015551	19.08136	0.014618	18.85279	0.040368
 10.62055622	  0.34391708	741021	17.64579	0.011122	16.57142	0.004359	16.19671	0.004502	16.06239	0.004584	16.03985	0.007536
 10.63069269	  0.33733302	741024	18.45263	0.016692	17.26036	0.004954	16.80685	0.004845	16.58622	0.005052	16.48751	0.009147
 10.58339219	  0.28457471	741132	19.90490	0.039284	18.37049	0.006954	17.73592	0.006372	17.49148	0.006590	17.42816	0.014965
 10.59148219	  0.29006069	741134	21.25208	0.100951	18.47065	0.007271	17.03546	0.005243	16.17136	0.004804	15.71855	0.006754
 10.59981437	  0.27910814	741136	22.19596	0.209584	19.54483	0.012264	18.50338	0.008724	18.09283	0.008343	17.92336	0.020364
 10.60328818	  0.29540861	741138	20.66248	0.064975	18.88529	0.008723	18.13437	0.007395	17.83918	0.007438	17.68886	0.017483
 10.61254412	  0.37217676	741150	22.46735	0.264821	19.48659	0.011887	17.93983	0.006847	16.24047	0.004766	15.27571	0.005918
 10.62982897	  0.31923907	741161	21.15258	0.092951	18.83831	0.008579	17.83451	0.006581	17.37422	0.006235	17.10173	0.012388
 10.63109429	  0.32784335	741163	22.05991	0.195311	19.80802	0.014547	18.59145	0.009087	17.96527	0.007951	17.63640	0.017409
 10.48177466	  0.36181742	675511	16.59174	0.007031	15.62757	0.003904	15.28867	0.004388	15.18693	0.004496	15.17357	0.005714
 10.51528432	  0.41006529	675534	21.78281	0.155258	19.93577	0.016361	19.35981	0.014835	19.27873	0.018657	19.17571	0.051855
 10.52218999	  0.25901317	675554	18.14542	0.016118	15.98862	0.004596	14.79342	0.007205	13.89003	0.001470	13.30131	0.005153
 10.54198968	  0.24177767	675568	16.65672	0.007250	15.49636	0.003850	15.07587	0.004309	14.92633	0.004410	14.90159	0.005406
 10.47933698	  0.37409229	675608	19.57710	0.032338	18.59144	0.007611	  18.212	0.007685	18.07535	0.008388	18.05452	 0.02233
 10.48166809	    0.365464	675611	22.14295	 0.21529	19.58654	0.012578	18.12169	0.007415	17.19475	0.006095	16.67413	0.009885
 10.49363087	   0.2812036	675615	22.83872	0.369559	19.96265	0.015732	18.50342	0.008752	17.24633	0.006159	16.58948	0.009490
 10.50150897	  0.39943721	675619	21.14287	0.094232	19.91631	 0.01517	19.39302	0.014079	19.17927	0.015507	19.20970	0.052937
 10.50252674	  0.40313083	675621	20.32634	0.051746	17.93557	0.005961	16.87484	0.005107	16.47224	0.005050	16.26346	0.008212
 10.56879581	  0.24970502	675647	21.65792	0.139935	19.15802	0.009975	17.74884	0.006458	16.53770	0.005140	15.91592	0.007210
 10.47656426	  0.40841336	675695	24.64304	0.973322	21.01939	  0.0319	19.67421	0.016765	18.39471	0.009819	17.73468	0.018109
  10.4816266	  0.31324516	675975	23.63159	0.683915	21.41738	0.043079	19.94583	0.020056	19.11141	0.014776	18.64651	0.034211
 10.61051179	  0.27716547	741005	16.64626	0.008138	14.95110	0.004628	14.22327	0.004540	14.03927	0.002187	13.80671	0.005650
 10.61210123	  0.24932889	741012	15.01533	0.005892	13.50828	0.001172	13.12779	0.001707	12.99334	0.001134	13.19071	0.005981
 10.63356989	  0.28491494	741028	17.71250	0.011463	16.47829	0.004298	15.99184	0.004451	15.80926	0.004513	15.74225	0.006835
 10.63799443	  0.37776197	741035	18.06930	0.013598	16.98530	0.004691	16.63445	0.004778	16.52404	0.004957	16.48868	0.009108
 10.63871393	  0.28643061	741038	18.65753	0.018554	17.79382	0.005678	17.57809	0.006045	17.50444	0.006586	17.48725	0.015629
 10.60406499	  0.41769671	741143	19.69685	0.034756	19.15407	0.009950	19.06289	0.011735	19.03105	0.014192	18.72818	0.037873
 10.61854788	  0.28438828	741158	21.13401	0.091757	19.96983	 0.01562	19.70195	0.017207	19.64221	0.021136	19.38678	0.060551
 10.64718724	  0.34892329	741166	22.71900	0.325802	19.81742	0.014419	18.26357	0.007808	16.72739	0.005275	15.91398	0.007222
 10.66193373	  0.30139475	741196	19.11264	0.023885	16.82640	0.004592	15.76595	0.004276	15.34902	0.004429	15.12739	0.005728
 10.61996914	  0.40028192	741258	24.29834	0.907943	21.23676	0.037581	 19.7356	0.017838	18.28221	0.009207	17.50293	0.015843
 10.52088211	   0.4374851	946090	18.44068	0.014908	17.01631	0.005198	16.38056	0.005438	16.10161	0.005760	15.95808	0.006829
  10.5891377	  0.41853214	946108	18.10187	0.012681	16.95299	0.005143	16.56174	0.005646	16.40363	0.006012	16.36569	0.007775
 10.54288192	  0.43151006	946176	21.87485	0.121102	19.03431	0.009562	17.54283	0.006545	16.68229	0.006188	16.21740	0.007404
 10.57457017	  0.43785983	946194	20.94492	0.062417	18.64320	0.008117	17.49279	0.006367	17.02363	0.006658	16.74207	0.008996
 10.61054607	  0.42936171	946223	19.68534	0.028835	17.93432	0.006353	17.32485	0.006056	16.98953	0.006698	16.87516	0.009588
 10.51979846	    0.424389	946245	23.69074	0.454858	20.71354	0.024578	19.19394	0.011739	18.35339	0.009821	17.86491	0.016212
 10.60143914	  0.42532966	946263	22.94982	0.272331	20.73888	0.025086	19.36907	0.012866	18.69152	0.011507	18.36429	0.022161
 10.55323641	  0.43468781	946345	22.10768	0.144898	20.60814	0.022981	19.97365	0.018341	19.76891	0.021301	19.87901	0.069289
 10.42570128	  0.29195288	610035	17.38151	0.009881	16.17271	0.004085	15.75506	0.004595	15.61261	0.004635	15.58214	0.006447
  10.4182496	   0.3777615	610133	20.57218	0.064087	17.91723	0.005937	16.55948	0.004931	15.90112	0.004696	15.53658	0.006315
 10.42197715	  0.35350277	610141	20.01195	0.043319	17.99106	0.006043	17.12072	0.005435	16.82031	0.005512	16.64013	0.009806
 10.42277126	  0.35651525	610748	24.61290	0.986112	21.56745	0.048475	19.98946	0.020543	 18.9177	0.013136	18.23774	0.025759
 10.43529455	  0.40858074	675473	16.23601	0.006193	15.07782	0.004057	14.48749	0.004210	14.74700	0.001598	14.30061	0.004816
 10.45782001	  0.40737807	675496	20.17573	0.048261	20.12693	0.017346	19.97393	0.020633	19.93572	 0.02663	19.81853	0.088393
 10.48511666	  0.24930355	675513	17.26290	0.009305	15.40488	0.003874	14.57809	0.004349	14.68893	0.001540	14.07123	0.004777
 10.43440759	  0.39322242	675595	22.46934	0.288521	19.21842	0.010318	17.69987	0.006393	16.72513	0.005351	16.18367	0.007960
 10.43587988	  0.30614455	675597	20.55118	0.061934	19.46264	 0.01173	19.12559	0.012045	18.98726	0.013673	19.04350	0.046585
 10.44299349	  0.30401269	675601	19.39493	0.028787	17.06772	0.004732	16.08914	0.004695	15.74809	0.004712	15.54497	0.006376
 10.44559915	  0.34640103	675603	21.07528	 0.09255	19.87312	0.014889	19.82320	 0.01852	19.95997	 0.02679	19.84626	0.090236
 10.54117069	  0.22784182	675637	19.45163	0.029659	18.27876	0.006694	17.84981	0.006707	17.68238	0.007125	17.63845	0.017039
 10.43287288	  0.33337716	675657	22.34315	0.250275	20.61043	0.023934	19.18217	0.012456	17.94274	0.007934	17.20450	0.013153
 10.43290824	  0.39091471	675661	22.55741	 0.31095	20.49021	0.021955	19.05945	0.011612	17.80586	0.007468	17.11261	0.012487
 10.43770268	  0.35652562	675663	22.80572	0.376221	20.47175	 0.02179	18.93147	0.010839	17.85558	0.007620	 17.2658	0.013572
 10.49454721	  0.24798527	675674	22.95306	0.400923	20.25275	0.018816	18.67416	0.009517	17.91706	0.007887	17.52755	0.015844
 10.44267619	  0.37972211	675693	22.98835	 0.43062	20.61280	 0.02387	19.09875	0.011826	18.30680	0.009335	17.78049	0.018613
 10.42857593	  0.30720703	675781	24.82924	0.944128	21.03269	0.032235	19.78235	0.017954	19.14404	0.015112	18.75221	0.037113
 10.63554274	  0.22586184	741032	17.75764	0.011772	16.14495	0.004173	 15.4622	0.004250	15.15635	0.004371	14.99131	0.005492
 10.66761886	  0.40356675	741042	16.96311	0.008191	15.42736	0.003997	14.82500	0.003946	15.07130	0.007455	14.53846	0.005020
 10.67600821	  0.38646456	741050	22.13994	0.204749	19.35363	0.011122	17.84326	0.006584	17.06305	0.005700	16.64159	0.009878
 10.61449603	  0.23784635	741154	19.62064	0.033063	19.07361	0.009536	19.17328	0.012477	19.01532	0.013934	19.01203	0.046152
 10.64787178	  0.25989685	741170	22.12026	0.201259	20.03929	0.016522	18.95138	 0.01099	18.50501	0.010395	18.29519	0.026809
 10.67484649	  0.37055906	741200	19.13707	0.024311	18.88064	0.008705	18.63575	0.009284	18.49815	0.010337	18.35034	0.027869
 10.67837138	   0.3159665	741202	21.76839	0.147622	19.33931	 0.01102	17.80476	0.006497	16.65045	0.005240	16.02702	0.007536
 10.68072724	  0.34087052	741204	19.05337	0.023105	18.10673	0.006326	17.85764	0.006623	17.76702	0.007298	17.75981	 0.01846
 10.68754934	   0.3201546	741211	19.24349	0.025563	18.23351	0.006616	17.85855	0.006608	17.67975	0.007065	17.62031	0.016797
 10.70111278	  0.34182867	741220	21.55065	0.123878	20.19045	0.018008	19.66767	0.016967	19.42768	0.018311	19.36632	0.060199
 10.66242141	  0.39660681	741235	24.60820	0.945372	20.92169	0.029815	19.58033	0.016159	18.84747	0.012702	18.39922	0.029374
 10.67198407	  0.35870514	741270	23.21531	0.482562	20.99119	0.031111	19.61945	0.016417	18.40802	0.009823	17.79919	0.018831
 10.58732036	  0.21844318	741322	21.44872	0.118349	20.40861	0.020831	19.88684	0.019558	19.62283	0.021146	19.55670	0.072224
 10.68096724	  0.31834657	741340	 21.4683	 0.11808	20.17741	0.017975	19.53943	0.015642	19.22806	0.016084	19.14352	0.051129
 10.44200353	  0.42219147	880731	23.98023	0.522294	20.67938	0.023984	19.19587	0.011753	18.32773	0.009698	17.87304	0.016224
 10.46916398	  0.42353692	946051	20.49254	 0.04657	17.96660	0.006423	16.65683	0.005582	16.09205	0.005808	15.76595	0.006450
  10.5175277	  0.47651915	946080	16.39973	0.013083	13.95312	0.001992	13.07861	0.001014	12.84816	0.002640	14.46168	0.015685
 10.55188031	  0.46406123	946099	19.00979	0.019834	18.11212	0.006682	17.87670	0.007007	17.76865	0.007921	17.78977	0.015512
 10.47520914	  0.43433828	946138	21.45931	0.089563	18.90017	0.009030	17.44947	0.006333	16.53978	0.006182	16.02960	0.006966
 10.48034371	  0.44854349	946140	20.12216	0.037051	17.66343	0.005893	16.58902	0.005575	16.19752	0.005978	15.95105	0.006840
 10.52699319	  0.45857189	946168	19.96586	0.033549	19.01534	0.009470	18.59250	0.008954	18.42351	0.010102	18.35398	0.022192
  10.5560898	  0.47023378	946183	23.21014	0.337154	20.08064	0.016622	18.59870	0.008958	17.26655	0.006884	16.57635	0.008472
 10.60230097	  0.46588621	946208	22.20761	0.156138	19.59129	0.012689	18.12541	0.007507	17.24844	0.007035	16.75886	0.009097
 10.63106276	  0.43250385	011588	17.44886	0.009587	16.29462	0.004673	15.92745	0.005343	15.77722	0.005643	15.75190	0.006388
 10.65729491	  0.44553632	011680	20.43551	0.045004	18.35098	0.007272	17.56889	0.006425	17.29749	0.007077	17.14716	0.010896
 10.65595282	  0.43491749	011827	20.36197	0.043054	19.93847	0.015508	19.68470	0.015358	19.42545	0.017119	19.49398	0.051083
 10.56930565	  0.20506738	010759	21.99537	0.142676	19.12548	0.009686	17.81192	0.006854	17.10746	0.006320	16.74443	0.009937
 10.60440734	   0.1997227	010784	22.43783	0.245742	20.16573	0.016646	18.71264	0.009445	17.88535	0.007780	17.45555	0.014254
 10.56432693	  0.19128289	010818	22.63168	0.227264	20.34520	0.018527	19.28261	0.012521	18.86624	0.011953	18.70420	0.032328
 10.52830736	  0.19675453	011141	24.24725	0.613767	21.27670	0.034352	19.83761	0.017265	19.16741	0.014108	18.78038	0.034299
 10.41818777	  0.40143233	610030	20.84347	0.078985	18.55038	0.007545	17.58873	0.006151	17.21847	0.006054	16.97991	0.011756
 10.40682505	  0.31847049	610119	20.98661	 0.08629	18.45578	0.007239	17.17295	0.005552	16.66133	0.005291	16.38594	0.008736
 10.41968696	  0.27865394	610138	19.18076	0.025615	17.80977	0.005671	17.28091	0.005714	17.08543	0.005873	17.01761	0.011931
 10.41239821	  0.38907964	610172	23.44745	0.615077	21.15174	0.035013	19.44456	0.014452	18.06325	0.008350	17.34843	0.014467
 10.40537715	  0.36431283	610184	22.94181	0.420899	21.22496	0.037077	19.67870	 0.01671	18.68130	0.011518	18.10769	0.023602
 10.41364926	  0.39601372	610186	24.80069	0.981266	21.13718	0.034638	19.69402	 0.01693	18.32245	0.009493	17.55951	 0.01641
 10.46048434	  0.21312479	675491	16.34249	0.006376	15.20238	0.003794	14.82855	0.004398	15.28173	0.006784	14.68819	0.005087
  10.4392609	  0.23309469	675599	20.11239	0.045291	17.90650	0.005811	17.05433	0.005436	16.82541	0.005306	16.57981	0.009511
 10.72258898	  0.36174385	741227	23.56890	0.639336	20.13363	0.017699	18.66569	0.009501	17.24515	0.005960	16.48889	0.009055
 10.70527165	  0.40266304	741245	24.28321	0.935969	20.87160	0.029244	19.50780	0.015691	18.73568	0.012034	18.34481	0.028813
 10.70087672	  0.25732523	741272	24.08688	0.804581	21.28763	0.038729	19.90798	0.019844	18.86267	0.012631	18.30976	0.026851
  10.4451706	  0.44893422	880661	21.81930	0.115395	19.28633	0.010832	17.82112	0.006962	16.53170	0.006090	15.84801	0.006665
 10.55262037	  0.49646759	946101	17.28741	0.008980	16.14948	0.004595	15.75865	0.005106	15.62081	0.005744	15.57617	0.006087
 10.57436482	  0.49157026	946191	19.93140	0.032958	17.38322	0.005546	16.02942	0.005256	15.43564	0.005457	15.12562	0.005501
 10.58413025	  0.49965578	946258	21.75838	0.111267	19.95199	0.015564	19.12226	0.011277	18.73779	0.011836	18.54483	0.025318
  10.6498525	  0.47563228	011590	18.82942	0.018016	17.47647	0.005565	16.97215	0.005796	16.77196	0.006238	16.68561	0.008823
 10.68291631	  0.43768293	011594	16.69575	0.009777	15.55884	0.007641	14.12165	0.002166	13.92154	0.003110	14.05803	0.007414
 10.50915775	  0.18987543	010719	21.86503	0.127667	19.59733	0.012167	18.49642	0.008648	18.03299	0.008137	17.75755	 0.01709
 10.53421712	  0.17887013	010732	20.45089	0.047856	17.90111	0.006211	16.71404	0.005509	16.25206	0.005512	16.01166	0.007396
 10.53612375	  0.18534586	010734	19.39435	0.025721	18.33099	0.007036	17.94643	0.007136	17.81137	0.007577	17.77431	0.017291
  10.4801596	  0.19832311	010831	23.49457	0.428181	21.19833	0.032248	19.74123	0.016307	18.63650	0.010579	18.02881	0.020226
 10.63410366	  0.20004501	076229	21.03123	0.069734	19.96790	0.014841	19.89669	0.017734	19.92989	0.022771	19.87018	0.078714
