# BEGIN CATALOG HEADER
# nfields 13
#     ra     1  0 d degrees %10.5f
#     dec    2  0 d degrees %10.5f
#     id     3  0 c INDEF %15s
#     B      4 0 r INDEF %6.2f
#     Berr   5 0 r INDEF %6.2f
#     V      6 0 r INDEF %6.2f
#     Verr   7 0 r INDEF %6.2f
#     g      8 0 r INDEF %6.2f
#     gerr   9 0 r INDEF %6.2f
#     r      10 0 r INDEF %6.2f
#     rerr   11 0 r INDEF %6.2f
#     i      12 0 r INDEF %6.2f
#     ierr   13 0 r INDEF %6.2f
# END CATALOG HEADER
#
    158.759891      -34.23877    1   15.937  0.069   15.024  0.042   15.475  0.062   14.780  0.019   14.549  0.065  
158.76040799999998     -34.383729    2   17.593  0.237   16.220  0.000   16.765  0.093   15.681  0.082   15.270  0.143  
    158.760626     -34.180867    3   14.148  0.031   13.272  0.020   13.669  0.048   13.022  0.027   12.836  0.021  
    158.761304     -34.319756    4   16.183  0.089   15.256  0.040   15.706  0.051   14.958  0.055   14.701  0.060  
158.76421200000001     -34.292379    5   16.781  0.041   16.068  0.068   16.301  0.044   15.687  0.051   15.455  0.011  
    158.764439      -34.29226    6   9999.000 9999.000   9999.000 9999.000   16.375  0.026   15.723  0.000   9999.000 9999.000  
    158.765157     -34.127678    7   15.278  0.047   14.519  0.035   14.827  0.048   14.326  0.035   14.175  0.047  
158.77149300000002     -34.209536    8   17.118  0.038   16.597  0.169   16.899  0.000   16.496  0.000   9999.000 9999.000  
158.77531100000002     -34.415189    9   16.625  0.332   15.825  0.093   16.274  0.084   15.657  0.059   15.328  0.084  
    158.780328     -34.386715   10   17.242  0.000   16.785  0.000   16.944  0.057   16.518  0.052   16.528  0.000  
158.78114799999997     -34.405012   11   17.494  0.000   16.221  0.000   16.827  0.027   15.694  0.041   15.332  0.074  
    158.782764      -34.34027   12   16.671  0.156   15.870  0.052   16.231  0.105   15.670  0.045   15.426  0.083  
    158.782855     -34.231442   13   9999.000 9999.000   9999.000 9999.000   17.124  0.000   16.819  0.079   9999.000 9999.000  
    158.783315     -34.227528   14   17.085  0.062   16.285  0.096   16.626  0.000   16.279  0.126   9999.000 9999.000  
     158.78482     -34.142757   15   14.986  0.055   14.254  0.028   14.571  0.063   14.043  0.026   13.866  0.024  
    158.785233     -34.147579   16   17.712  0.692   17.177  0.218   17.803  0.000   17.017  0.000   9999.000 9999.000  
158.78643000000002     -34.241727   17   15.865  0.062   14.987  0.038   15.397  0.073   14.719  0.012   14.509  0.058  
    158.786621     -34.268296   18   17.833  0.000   15.970  0.000   16.695  0.051   15.301  0.057   14.464  0.088  
158.78950999999998     -34.129861   19   15.988  0.081   15.406  0.085   15.641  0.058   15.211  0.062   15.053  0.130  
    158.793031     -34.248313   20   17.260  0.185   16.596  0.095   16.826  0.000   16.243  0.000   9999.000 9999.000  
158.79433799999998     -34.406755   21   15.425  0.051   14.861  0.045   15.139  0.056   14.695  0.031   14.582  0.038  
158.79531300000002     -34.214184   22   16.371  0.049   15.634  0.057   16.006  0.086   15.397  0.076   15.170  0.165  
    158.796505     -34.241403   23   14.328  0.031   13.266  0.019   13.768  0.039   12.926  0.022   12.541  0.027  
    158.802629     -34.388192   24   16.226  0.117   15.617  0.085   15.992  0.049   15.445  0.006   15.062  0.000  
    158.802653     -34.388264   25   16.472  0.077   15.644  0.058   15.947  0.013   15.433  0.013   15.151  0.128  
    158.804359 -34.423761999999996   26   16.853  0.017   15.889  0.029   16.323  0.114   15.501  0.066   15.199  0.077  
    158.804516     -34.109603   27   17.954  0.000   17.126  0.000   17.223  0.227   17.082  0.000   9999.000 9999.000  
    158.806358     -34.300922   28   17.215  0.066   16.521  0.185   16.740  0.000   16.357  0.000   9999.000 9999.000  
    158.815386     -34.434381   29   16.610  0.073   15.808  0.079   16.176  0.013   15.702  0.063   15.467  0.085  
    158.822805     -34.424184   30   15.998  0.064   15.348  0.047   15.632  0.066   15.192  0.038   15.044  0.121  
    158.822978     -34.149706   31   14.007  0.052   13.122  0.010   13.535  0.056   12.868  0.012   12.609  0.040  
158.82667999999998     -34.343228   32   15.008  0.034   14.324  0.027   14.628  0.036   14.141  0.023   13.983  0.019  
    158.827023     -34.295676   33   9999.000 9999.000   9999.000 9999.000   17.583  0.031   16.383  0.141   15.941  0.047  
    158.834247     -34.176992   34   16.259  0.088   15.545  0.025   15.859  0.075   15.324  0.055   15.094  0.081  
    158.835245     -34.133444   35   16.665  0.011   15.977  0.014   16.226  0.000   15.881  0.045   15.838  0.200  
     158.83623     -34.232952   36   17.216  0.085   16.472  0.000   16.801  0.000   16.262  0.000   9999.000 9999.000  
     158.84161     -34.303556   37   16.123  0.009   15.569  0.016   15.792  0.019   15.407  0.033   15.317  0.088  
158.84220599999998     -34.285681   38   17.445  0.208   16.429  0.132   16.950  0.000   16.361  0.000   9999.000 9999.000  
    158.844034     -34.176976   39   15.937  0.076   14.947  0.026   15.423  0.075   14.651  0.009   14.339  0.032  
158.84477199999998     -34.165642   40   17.153  0.008   15.647  0.022   16.427  0.008   15.040  0.066   14.365  0.060  
    158.846844     -34.431812   41   15.588  0.027   15.017  0.044   15.264  0.026   14.868  0.014   14.776  0.082  
    158.851539     -34.119985   42   15.596  0.028   14.650  0.006   15.114  0.074   14.403  0.026   14.107  0.049  
    158.852436     -34.132349   43   16.351  0.075   15.799  0.049   16.106  0.026   15.734  0.058   15.477  0.225  
    158.853887     -34.279052   44   16.616  0.120   15.578  0.170   16.123  0.000   15.367  0.000   9999.000 9999.000  
158.85413899999998     -34.279598   45   16.532  0.000   15.533  0.000   16.017  0.000   15.127  0.000   14.965  0.136  
    158.854712     -34.274405   46   14.029  0.027   13.457  0.006   13.709  0.057   13.315  0.008   13.195  0.040  
    158.855142     -34.211171   47   17.307  0.098   16.392  0.000   16.657  0.073   16.074  0.052   15.960  0.000  
     158.85994     -34.106407   48   16.533  0.064   15.993  0.016   16.312  0.115   15.853  0.032   15.796  0.113  
    158.860624     -34.218404   49   16.978  0.014   16.187  0.066   16.446  0.055   15.861  0.049   15.800  0.142  
     158.86339     -34.313105   50   14.282  0.022   13.738  0.011   13.966  0.048   13.630  0.031   13.507  0.023  
    158.863767     -34.262952   51   9999.000 9999.000   16.073  0.000   16.205  0.040   15.910  0.094   15.622  0.131  
    158.863773 -34.387753000000004   52   14.739  0.030   14.069  0.026   14.367  0.039   13.902  0.017   13.752  0.054  
    158.865488     -34.290872   53   16.417  0.022   15.810  0.068   16.021  0.011   15.616  0.059   15.520  0.231  
    158.872531     -34.152218   54   15.573  0.061   14.905  0.019   15.193  0.051   14.725  0.010   14.559  0.066  
    158.873549     -34.130385   55   15.125  0.045   14.362  0.006   14.722  0.079   14.178  0.012   13.955  0.041  
    158.874686     -34.329412   56   16.680  0.236   15.802  0.155   16.134  0.066   15.336  0.082   15.070  0.078  
158.87549099999998     -34.299996   57   17.143  0.000   16.322  0.000   16.683  0.065   16.117  0.056   16.803  0.000  
158.87854099999998     -34.268498   58   16.899  0.064   15.813  0.066   16.336  0.040   15.495  0.052   15.134  0.124  
158.87973599999998     -34.199463   59   16.920  0.000   15.993  0.000   16.333  0.028   15.782  0.049   15.588  0.017  
    158.884062     -34.414347   60   16.525  0.047   15.869  0.040   16.213  0.021   15.730  0.035   15.581  0.191  
158.88664699999998     -34.189526   61   15.432  0.031   14.718  0.034   15.041  0.067   14.519  0.021   14.394  0.040  
    158.892092       -34.2305   62   15.785  0.034   14.987  0.013   15.318  0.051   14.791  0.036   14.622  0.019  
    158.901669     -34.141257   63   16.961  0.023   16.374  0.041   16.697  0.000   16.211  0.000   16.514  0.000  
    158.903889     -34.368777   64   16.967  0.052   16.305  0.011   16.483  0.011   16.071  0.021   15.949  0.127  
    158.908478     -34.309627   65   17.056  0.062   16.049  0.044   16.567  0.113   15.930  0.065   15.750  0.000  
158.90873200000001     -34.332566   66   17.452  0.112   16.658  0.000   16.878  0.070   16.498  0.097   16.120  0.000  
    158.912597     -34.351698   67   15.943  0.029   14.890  0.039   15.411  0.063   14.563  0.037   14.207  0.051  
    158.915085     -34.171778   68   16.582  0.145   15.801  0.006   16.179  0.084   15.637  0.033   15.390  0.080  
158.91542399999997     -34.405301   69   17.094  0.000   15.734  0.000   16.407  0.000   15.282  0.011   14.893  0.063  
    158.920862     -34.324518   70   16.458  0.136   15.635  0.089   16.015  0.053   15.293  0.042   15.021  0.102  
158.92160800000002     -34.427198   71   13.009  0.026   12.391  0.014   12.664  0.046   12.240  0.005   12.070  0.046  
    158.922249     -34.289594   72   14.445  0.029   13.875  0.020   14.116  0.054   13.736  0.019   13.601  0.060  
    158.927007     -34.276428   73   16.403  0.043   15.815  0.009   16.056  0.019   15.700  0.040   15.412  0.000  
     158.92701     -34.276187   74   16.399  0.037   15.771  0.000   16.093  0.052   15.579  0.046   15.549  0.000  
    158.927066     -34.182222   75   15.981  0.048   15.248  0.048   15.568  0.042   15.121  0.089   14.943  0.080  
    158.927557     -34.134732   76   15.878  0.024   15.149  0.021   15.462  0.063   14.965  0.014   14.688  0.053  
     158.93181     -34.436102   77   13.883  0.006   13.224  0.014   13.498  0.020   13.052  0.017   12.853  0.031  
    158.933062     -34.395736   78   14.530  0.024   13.917  0.017   14.162  0.023   13.790  0.023   13.648  0.027  
    158.933286     -34.270293   79   13.460  0.037   12.759  0.008   13.066  0.056   12.585  0.014   12.426  0.029  
    158.933331     -34.275066   80   15.942  0.046   15.501  0.028   15.656  0.083   15.562  0.069   15.247  0.000  
    158.935041     -34.351164   81   16.068  0.070   15.092  0.037   15.537  0.025   14.811  0.031   14.506  0.030  
    158.939412     -34.110999   82   16.273  0.088   15.279  0.065   15.774  0.074   14.989  0.024   14.753  0.117  
    158.939484     -34.135179   83   16.881  0.097   16.163  0.104   16.362  0.025   15.943  0.062   15.625  0.123  
     158.94199     -34.282175   84   14.541  0.035   13.405  0.019   13.943  0.053   13.059  0.015   12.673  0.033  
    158.943589     -34.150058   85   17.347  0.000   16.944  0.000   16.946  0.050   16.510  0.000   16.045  0.000  
    158.943698     -34.414569   86   16.734  0.063   16.193  0.063   16.455  0.048   16.062  0.072   16.093  0.000  
    158.945202     -34.243092   87   16.479  0.044   15.349  0.159   15.934  0.077   14.988  0.036   14.538  0.053  
    158.946384     -34.216937   88   16.171  0.062   15.367  0.062   15.785  0.093   15.210  0.042   14.934  0.082  
    158.949916     -34.159928   89   15.512  0.035   15.073  0.056   15.237  0.079   14.934  0.033   14.840  0.025  
    158.952235      -34.32821   90   9999.000 9999.000   9999.000 9999.000   16.742  0.097   16.337  0.085   9999.000 9999.000  
158.95304299999998     -34.406252   91   15.757  0.064   14.863  0.057   15.292  0.034   14.606  0.017   14.416  0.066  
    158.954026     -34.315165   92   17.509  0.136   16.531  0.066   16.961  0.034   16.450  0.115   9999.000 9999.000  
     158.95484     -34.293118   93   16.651  0.006   16.022  0.066   16.396  0.123   15.792  0.042   15.691  0.053  
    158.958496     -34.365073   94   15.064  0.027   14.388  0.020   14.699  0.046   14.218  0.012   14.065  0.074  
    158.962662     -34.269883   95   16.362  0.044   15.540  0.000   15.890  0.038   15.374  0.061   14.961  0.000  
    158.963164      -34.41927   96   14.869  0.029   13.732  0.014   14.276  0.033   13.345  0.020   12.972  0.054  
158.96467199999998     -34.285241   97   15.393  0.044   14.535  0.025   14.905  0.051   14.302  0.036   14.079  0.028  
    158.966261     -34.292886   98   17.164  0.080   16.133  0.114   16.641  0.008   15.879  0.022   15.615  0.097  
    158.966606     -34.397012   99   17.025  0.072   16.351  0.082   16.709  0.000   16.314  0.000   15.916  0.000  
    158.968753     -34.346331  100   14.414  0.033   12.950  0.016   13.671  0.040   12.458  0.016   11.942  0.043  
    158.970208     -34.197544  101   16.996  0.000   16.445  0.000   16.590  0.106   16.101  0.046   15.890  0.095  
    158.973175     -34.281338  102   16.757  0.008   16.176  0.109   16.429  0.000   16.106  0.008   15.811  0.000  
158.97478099999998     -34.260492  103   14.370  0.032   13.015  0.020   13.684  0.059   12.583  0.017   12.128  0.036  
    158.976634     -34.381274  104   13.744  0.009   13.013  0.015   13.340  0.039   12.848  0.005   12.680  0.030  
    158.977655     -34.169248  105   9999.000 9999.000   9999.000 9999.000   16.924  0.136   16.530  0.104   9999.000 9999.000  
     158.98122     -34.307416  106   14.077  0.023   13.303  0.019   13.650  0.042   13.110  0.019   12.925  0.024  
158.98244799999998     -34.195979  107   15.684  0.060   14.943  0.051   15.255  0.047   14.740  0.025   14.599  0.070  
    158.983906     -34.321627  108   16.197  0.105   15.690  0.109   15.871  0.062   15.463  0.051   15.335  0.050  
    158.987831     -34.333978  109   17.398  0.112   16.492  0.000   16.786  0.017   16.200  0.099   15.834  0.000  
158.98823499999997      -34.40694  110   17.173  0.000   15.569  0.000   16.321  0.067   14.987  0.038   13.607  0.072  
158.99531000000002     -34.429648  111   16.514  0.000   15.611  0.000   16.035  0.041   15.457  0.072   15.163  0.045  
    158.995676     -34.397401  112   16.124  0.055   15.443  0.059   15.714  0.035   15.324  0.063   15.143  0.069  
    158.995838     -34.197378  113   16.097  0.009   15.331  0.013   15.656  0.069   15.151  0.053   14.933  0.091  
    158.996822     -34.308041  114   12.927  0.023   12.254  0.019   12.547  0.064   12.099  0.023   11.993  0.023  
158.99792599999998     -34.125242  115   17.265  0.000   16.286  0.000   16.629  0.000   16.033  0.070   9999.000 9999.000  
    158.997976 -34.357563999999996  116   15.391  0.055   14.383  0.036   14.870  0.016   14.065  0.032   13.767  0.052  
    158.999681     -34.115713  117   16.113  0.047   15.407  0.044   15.740  0.054   15.184  0.040   15.010  0.098  
      159.0034     -34.326299  118   15.998  0.014   15.433  0.055   15.621  0.000   15.207  0.042   15.034  0.060  
    159.003633     -34.326136  119   16.046  0.051   15.420  0.035   15.661  0.044   15.210  0.022   15.036  0.121  
159.00404699999999      -34.37188  120   13.996  0.009   13.431  0.006   13.651  0.010   13.294  0.009   13.130  0.046  
159.00733200000002     -34.222506  121   16.419  0.095   15.786  0.063   16.066  0.026   15.639  0.103   15.365  0.095  
159.01160199999998     -34.119729  122   17.063  0.079   15.998  0.000   16.524  0.017   15.606  0.034   9999.000 9999.000  
159.01371500000002       -34.3254  123   16.263  0.049   15.195  0.050   15.678  0.072   14.845  0.013   14.452  0.024  
159.01523600000002     -34.136935  124   14.217  0.030   13.704  0.006   13.910  0.046   13.617  0.025   13.509  0.039  
    159.023487     -34.208348  125   9999.000 9999.000   9999.000 9999.000   16.712  0.021   15.560  0.006   14.875  0.110  
    159.023958     -34.107082  126   15.797  0.054   15.086  0.059   15.402  0.053   14.935  0.024   14.766  0.075  
159.03228000000001     -34.266098  127   15.682  0.013   14.968  0.030   15.253  0.033   14.761  0.029   14.610  0.016  
    159.038874     -34.225698  128   16.456  0.023   15.834  0.000   16.117  0.011   15.623  0.030   15.498  0.000  
159.04334300000002      -34.41942  129   16.017  0.055   15.321  0.014   15.603  0.050   15.202  0.021   14.996  0.085  
159.04514600000002     -34.328613  130   16.487  0.163   15.907  0.077   16.171  0.033   15.730  0.039   15.519  0.044  
    159.046699     -34.188435  131   16.561  0.081   15.710  0.034   16.030  0.110   15.549  0.030   15.362  0.121  
    159.047884     -34.240541  132   15.810  0.039   14.948  0.031   15.379  0.078   14.693  0.020   14.446  0.057  
    159.049207     -34.142221  133   9999.000 9999.000   9999.000 9999.000   16.577  0.014   15.955  0.094   15.648  0.000  
    159.050289     -34.198578  134   16.114  0.046   15.246  0.028   15.685  0.102   15.008  0.020   14.791  0.099  
    159.050453     -34.261163  135   14.669  0.017   14.090  0.030   14.353  0.044   13.948  0.012   13.823  0.061  
    159.053546     -34.404951  136   16.459  0.133   15.970  0.049   16.127  0.016   15.768  0.074   9999.000 9999.000  
    159.053649     -34.270889  137   13.583  0.027   12.807  0.009   13.151  0.048   12.606  0.012   12.411  0.046  
    159.055117     -34.304911  138   17.238  0.092   16.314  0.000   16.648  0.021   16.048  0.139   16.185  0.000  
    159.057908     -34.288536  139   16.153  0.047   15.396  0.030   15.768  0.058   15.301  0.015   15.151  0.027  
159.06052499999998     -34.164259  140   16.614  0.085   15.667  0.023   16.130  0.090   15.392  0.006   15.000  0.086  
159.06300000000002     -34.258734  141   15.941  0.058   15.149  0.027   15.433  0.038   14.952  0.026   14.803  0.114  
    159.063707     -34.365212  142   13.298  0.006   12.234  0.014   12.721  0.021   11.906  0.013   11.574  0.046  
    159.067102     -34.146724  143   16.001  0.187   15.067  0.019   15.444  0.038   14.823  0.042   14.576  0.035  
    159.067442     -34.428551  144   16.969  0.195   16.680  0.000   16.878  0.000   16.438  0.000   9999.000 9999.000  
    159.071691     -34.306544  145   15.004  0.027   13.742  0.026   14.353  0.020   13.319  0.019   12.922  0.033  
    159.074012     -34.383244  146   9999.000 9999.000   9999.000 9999.000   17.414  0.118   16.764  0.223   9999.000 9999.000  
    159.076318     -34.169839  147   16.172  0.066   15.256  0.077   15.681  0.068   15.011  0.054   14.859  0.096  
    159.080216     -34.142561  148   15.118  0.046   14.018  0.023   14.553  0.070   13.697  0.000   13.379  0.021  
159.08136199999998     -34.435392  149   16.248  0.058   15.720  0.051   16.010  0.054   15.531  0.076   15.504  0.026  
    159.081448     -34.134571  150   11.712  0.032   11.359  0.012   11.467  0.061   11.331  0.000   11.316  0.023  
    159.084808     -34.175175  151   14.730  0.012   14.251  0.058   14.422  0.024   14.189  0.041   9999.000 9999.000  
159.08766500000002     -34.154676  152   16.001  0.046   15.396  0.058   15.611  0.042   15.175  0.039   15.151  0.074  
    159.099644     -34.189156  153   16.669  0.250   15.330  0.006   16.002  0.054   14.829  0.040   14.391  0.040  
    159.100559     -34.286652  154   14.821  0.006   14.241  0.020   14.492  0.045   14.110  0.017   13.933  0.024  
159.10390999999998     -34.389543  155   16.728  0.077   16.213  0.081   16.371  0.008   16.045  0.106   9999.000 9999.000  
    159.104909     -34.139656  156   17.944  0.095   16.779  0.081   17.122  0.160   16.513  0.026   9999.000 9999.000  
    159.111033     -34.129962  157   16.339  0.035   15.734  0.087   16.040  0.051   15.657  0.075   15.343  0.169  
    159.113601     -34.107722  158   14.877  0.054   13.768  0.006   14.307  0.051   13.408  0.018   13.094  0.027  
    159.115807     -34.307998  159   17.703  0.000   16.838  0.000   17.253  0.038   16.662  0.087   9999.000 9999.000  
    159.117369     -34.436045  160   15.944  0.048   14.740  0.041   15.333  0.031   14.304  0.022   13.872  0.056  
    159.121186     -34.242426  161   15.414  0.037   14.777  0.047   15.057  0.018   14.607  0.025   14.404  0.049  
159.12301200000002     -34.304313  162   17.317  0.147   16.382  0.089   16.841  0.000   16.272  0.000   9999.000 9999.000  
    159.132325     -34.166859  163   16.809  0.130   15.935  0.042   16.336  0.021   15.554  0.105   15.194  0.147  
159.13374900000002     -34.421615  164   16.469  0.047   15.732  0.016   15.998  0.013   15.547  0.024   15.290  0.086  
    159.137093     -34.353692  165   17.670  0.112   16.121  0.030   16.866  0.000   15.524  0.000   14.505  0.079  
    159.137626     -34.213542  166   16.104  0.055   15.377  0.041   15.730  0.041   15.199  0.048   15.081  0.084  
    159.141887     -34.332806  167   9999.000 9999.000   9999.000 9999.000   16.643  0.000   15.977  0.000   15.755  0.120  
    159.142278     -34.332215  168   17.054  0.177   16.271  0.121   16.592  0.000   16.059  0.000   9999.000 9999.000  
    159.144696     -34.294615  169   9999.000 9999.000   9999.000 9999.000   17.979  0.000   16.757  0.000   16.011  0.192  
    159.144958     -34.355451  170   17.179  0.000   16.413  0.000   16.877  0.182   16.430  0.025   15.832  0.000  
    159.145652     -34.318511  171   14.939  0.043   14.361  0.012   14.593  0.033   14.204  0.009   14.039  0.006  
    159.148841     -34.399461  172   15.440  0.037   14.959  0.033   15.155  0.033   14.878  0.016   14.712  0.056  
    159.150951     -34.139481  173   15.414  0.043   14.748  0.026   15.071  0.036   14.570  0.033   14.432  0.076  
159.15426499999998     -34.333608  174   17.018  0.056   16.290  0.051   16.570  0.008   16.270  0.055   9999.000 9999.000  
    159.154527     -34.342658  175   14.908  0.037   14.309  0.009   14.553  0.035   14.134  0.018   13.925  0.048  
    159.157277     -34.137612  176   13.424  0.027   12.987  0.016   13.142  0.054   12.911  0.013   12.847  0.030  
