# BEGIN CATALOG HEADER
# nfields 13
#     ra     1  0 d degrees %10.5f
#     dec    2  0 d degrees %10.5f
#     id     3  0 c INDEF %15s
#     B      4 0 r INDEF %6.2f
#     Berr   5 0 r INDEF %6.2f
#     V      6 0 r INDEF %6.2f
#     Verr   7 0 r INDEF %6.2f
#     g      8 0 r INDEF %6.2f
#     gerr   9 0 r INDEF %6.2f
#     r      10 0 r INDEF %6.2f
#     rerr   11 0 r INDEF %6.2f
#     i      12 0 r INDEF %6.2f
#     ierr   13 0 r INDEF %6.2f
# END CATALOG HEADER
#
     137.71655      85.968409    1   14.276  0.040   13.467  0.022   13.844  0.042   13.232  0.040   13.028  0.045  
    137.762805      86.054775    2   17.294  0.131   16.185  0.063   16.775  0.110   15.681  0.101   15.319  0.000  
    137.806752      86.103198    3   15.694  0.071   14.843  0.052   15.259  0.040   14.607  0.065   14.234  0.061  
    137.853777      86.137495    4   9999.000 9999.000   9999.000 9999.000   16.910  0.088   16.166  0.053   15.641  0.000  
    137.906813      85.932141    5   13.841  0.065   13.229  0.056   13.490  0.040   13.077  0.048   12.956  0.037  
    137.982808      85.923066    6   16.728  0.081   15.387  0.110   16.146  0.087   14.961  0.035   14.580  0.084  
    138.123244      86.116043    7   15.248  0.042   14.662  0.058   14.926  0.047   14.531  0.042   14.365  0.052  
    138.154087      85.990139    8   14.687  0.049   13.681  0.035   14.173  0.041   13.361  0.031   13.060  0.037  
    138.223767      85.991836    9   15.678  0.082   14.928  0.045   15.239  0.051   14.715  0.025   14.508  0.140  
    138.284803      85.883659   10   15.820  0.067   14.907  0.040   15.358  0.046   14.620  0.060   14.400  0.056  
    138.437169      85.938033   11   16.886  0.019   16.043  0.038   16.330  0.046   15.744  0.072   15.440  0.064  
    138.516056      86.115814   12   16.749  0.141   15.930  0.073   16.219  0.000   15.676  0.000   15.064  0.096  
    138.602644      86.067695   13   15.194  0.046   14.492  0.052   14.853  0.077   14.320  0.087   14.178  0.062  
    138.603896       85.88289   14   17.702  0.000   16.713  0.000   16.912  0.095   16.668  0.000   9999.000 9999.000  
    138.770522      85.947574   15   14.615  0.067   14.009  0.056   14.251  0.036   13.865  0.057   13.738  0.044  
    138.822508      86.201725   16   13.640  0.057   13.087  0.035   13.342  0.037   12.959  0.024   12.820  0.028  
    138.934788      85.889334   17   13.888  0.061   13.324  0.057   13.568  0.051   13.198  0.040   13.078  0.032  
    138.991959      86.168797   18   16.450  0.055   15.514  0.070   15.910  0.066   15.292  0.037   15.035  0.074  
    139.037269      85.905518   19   15.573  0.160   15.000  0.031   15.268  0.078   14.815  0.063   14.669  0.074  
    139.045732      86.138939   20   15.110  0.040   14.129  0.040   14.604  0.036   13.839  0.038   13.529  0.037  
    139.090221      86.047847   21   15.267  0.068   14.579  0.036   14.911  0.043   14.390  0.039   14.246  0.074  
    139.098626      86.073531   22   14.159  0.045   13.089  0.036   13.613  0.039   12.766  0.022   12.444  0.032  
    139.113853      86.153639   23   16.169  0.000   15.365  0.000   15.629  0.000   15.206  0.000   14.964  0.140  
    139.115043      86.153707   24   16.009  0.081   15.366  0.019   15.705  0.038   15.174  0.060   15.024  0.131  
    139.172299      85.963663   25   16.319  0.098   15.453  0.092   15.852  0.032   15.139  0.035   14.937  0.130  
    139.230903      86.027446   26   12.245  0.044   11.427  0.035   11.822  0.034   11.187  0.029   10.987  0.025  
    139.298878      86.210108   27   13.573  0.045   11.811  0.054   12.663  0.033   11.191  0.029   10.052  0.035  
     139.30095      86.158444   28   17.208  0.000   15.667  0.036   16.453  0.094   15.087  0.051   14.546  0.130  
    139.361337      85.967995   29   16.551  0.026   16.077  0.014   16.229  0.008   15.865  0.081   9999.000 9999.000  
    139.410428      86.080391   30   16.157  0.031   15.500  0.100   15.785  0.065   15.242  0.060   15.042  0.078  
     139.46386      86.039752   31   14.862  0.069   14.266  0.049   14.534  0.056   14.099  0.053   13.967  0.036  
    139.503503      85.963536   32   14.899  0.047   13.933  0.047   14.418  0.049   13.589  0.028   13.248  0.032  
    139.518815       86.10459   33   12.713  0.045   12.164  0.037   12.418  0.039   12.047  0.030   11.933  0.036  
    139.519215       86.06735   34   15.617  0.100   14.925  0.022   15.253  0.047   14.727  0.037   14.528  0.071  
    139.531368      86.045962   35   15.385  0.043   14.671  0.034   14.983  0.049   14.478  0.057   14.268  0.057  
    139.579154       86.14783   36   16.252  0.081   15.529  0.045   15.939  0.073   15.300  0.043   15.031  0.113  
    139.728295      85.987892   37   16.988  0.095   15.966  0.032   16.408  0.037   15.578  0.000   15.132  0.000  
    139.729249      86.065272   38   16.044  0.093   15.160  0.063   15.607  0.041   14.936  0.040   14.679  0.069  
    139.730235      85.987561   39   16.727  0.000   16.005  0.000   16.453  0.000   15.705  0.000   15.209  0.023  
     139.78204      86.215631   40   16.834  0.112   16.047  0.085   16.394  0.107   15.829  0.048   15.638  0.000  
    139.815407      86.169542   41   15.398  0.056   14.735  0.066   15.034  0.039   14.560  0.033   14.335  0.048  
    140.068385      86.050072   42   16.663  0.070   16.037  0.128   16.288  0.106   15.607  0.053   15.127  0.082  
    140.133778      85.955202   43   16.127  0.023   15.173  0.030   15.541  0.035   14.889  0.010   14.604  0.044  
     140.13525       85.95522   44   16.086  0.058   15.167  0.059   15.586  0.027   14.842  0.038   14.677  0.097  
    140.137319      85.935963   45   16.009  0.100   15.177  0.085   15.542  0.045   14.870  0.052   14.588  0.047  
    140.163993      85.945754   46   16.729  0.109   16.089  0.025   16.411  0.067   15.759  0.087   15.500  0.122  
    140.223938      85.929163   47   17.286  0.163   16.611  0.000   16.665  0.000   16.019  0.000   9999.000 9999.000  
    140.246487      85.907306   48   14.853  0.068   14.137  0.047   14.485  0.056   13.939  0.042   13.739  0.040  
    140.266278      85.938116   49   16.817  0.000   16.212  0.000   16.557  0.095   15.971  0.072   15.829  0.021  
     140.29217      86.204146   50   13.869  0.040   13.187  0.036   13.513  0.046   13.006  0.026   12.880  0.029  
    140.319867      86.051558   51   16.697  0.000   15.721  0.000   16.116  0.018   15.426  0.050   15.191  0.081  
    140.357662      85.911539   52   16.771  0.187   15.529  0.025   16.170  0.069   14.944  0.059   14.395  0.065  
     140.49375      86.110954   53   16.636  0.127   16.017  0.093   16.239  0.073   15.794  0.085   15.542  0.143  
    140.513498      86.209463   54   16.210  0.163   15.258  0.043   15.747  0.051   14.963  0.033   14.727  0.024  
     140.51706       86.15978   55   16.232  0.098   15.544  0.114   15.875  0.072   15.384  0.051   15.284  0.196  
    140.597589      85.931329   56   14.752  0.063   14.049  0.067   14.366  0.052   13.864  0.039   13.677  0.048  
    140.634741      86.047321   57   13.574  0.047   13.001  0.033   13.267  0.039   12.867  0.031   12.723  0.028  
     140.87314      86.080103   58   15.554  0.063   14.803  0.040   15.167  0.049   14.566  0.027   14.310  0.080  
    140.895479      86.034761   59   17.077  0.021   16.131  0.000   16.499  0.072   15.919  0.106   9999.000 9999.000  
    140.931013      86.184438   60   15.922  0.105   15.273  0.064   15.568  0.083   15.099  0.045   14.853  0.070  
     141.00136      85.976655   61   13.650  0.049   12.815  0.026   13.213  0.040   12.557  0.028   12.350  0.036  
    141.026698       86.17721   62   9999.000 9999.000   9999.000 9999.000   16.674  0.000   15.934  0.083   15.583  0.000  
    141.188086      85.886273   63   13.912  0.066   13.080  0.059   13.469  0.040   12.832  0.044   12.627  0.029  
    141.190399      85.912627   64   15.058  0.066   14.222  0.063   14.619  0.047   13.975  0.042   13.753  0.057  
    141.246287      86.026925   65   9999.000 9999.000   9999.000 9999.000   16.854  0.063   16.292  0.011   9999.000 9999.000  
    141.256901      86.039437   66   17.130  0.000   9999.000 9999.000   16.600  0.020   15.557  0.022   15.182  0.000  
    141.401491      86.106085   67   9999.000 9999.000   9999.000 9999.000   16.890  0.043   16.312  0.119   15.917  0.000  
    141.452935        85.9023   68   9999.000 9999.000   15.737  0.082   16.180  0.224   15.799  0.187   9999.000 9999.000  
    141.486083       85.98963   69   16.970  0.257   15.833  0.054   16.359  0.052   15.420  0.081   15.145  0.092  
    141.539671      85.977425   70   16.933  0.168   16.037  0.138   16.413  0.066   15.671  0.083   15.469  0.175  
    141.610237      85.960806   71   17.256  0.000   16.508  0.000   16.980  0.051   15.885  0.056   15.442  0.062  
    141.668592      86.053598   72   17.026  0.117   16.145  0.000   16.544  0.029   15.761  0.057   9999.000 9999.000  
    141.683178      86.158099   73   15.359  0.037   14.713  0.044   15.024  0.026   14.524  0.033   14.326  0.051  
    141.691959      86.031631   74   16.730  0.089   15.976  0.083   16.351  0.060   15.805  0.059   15.974  0.000  
      141.8253      85.941377   75   15.787  0.072   15.073  0.038   15.445  0.059   14.845  0.056   14.620  0.061  
    141.827302       86.13576   76   9999.000 9999.000   9999.000 9999.000   16.544  0.063   15.941  0.092   15.621  0.154  
    141.898388      86.062047   77   16.273  0.088   15.478  0.021   15.877  0.057   15.235  0.045   14.967  0.123  
    141.913743      86.182595   78   15.120  0.089   14.372  0.034   14.735  0.045   14.168  0.028   13.983  0.053  
    142.045339      86.210542   79   16.578  0.106   15.600  0.035   16.095  0.029   15.179  0.014   14.948  0.110  
    142.063858      86.142867   80   16.608  0.041   15.263  0.014   16.080  0.050   14.684  0.040   13.478  0.045  
    142.066125      86.105674   81   15.629  0.027   14.878  0.055   15.248  0.044   14.659  0.024   14.468  0.073  
    142.104537       86.08749   82   17.419  0.218   16.105  0.000   16.961  0.000   15.992  0.000   15.659  0.000  
    142.157897        86.2057   83   17.000  0.065   16.213  0.008   16.530  0.039   16.052  0.016   15.704  0.000  
    142.165491      86.210691   84   17.462  0.163   16.475  0.008   16.835  0.000   16.128  0.000   9999.000 9999.000  
    142.255517       86.18142   85   16.530  0.135   15.778  0.054   16.087  0.026   15.529  0.082   15.452  0.021  
    142.307802      86.097743   86   16.742  0.131   16.115  0.000   16.445  0.081   15.821  0.031   15.552  0.000  
