# BEGIN CATALOG HEADER
# nfields 13
#     ra     1  0 d degrees %10.5f
#     dec    2  0 d degrees %10.5f
#     id     3  0 c INDEF %15s
#     B      4 0 r INDEF %6.2f
#     Berr   5 0 r INDEF %6.2f
#     V      6 0 r INDEF %6.2f
#     Verr   7 0 r INDEF %6.2f
#     g      8 0 r INDEF %6.2f
#     gerr   9 0 r INDEF %6.2f
#     r      10 0 r INDEF %6.2f
#     rerr   11 0 r INDEF %6.2f
#     i      12 0 r INDEF %6.2f
#     ierr   13 0 r INDEF %6.2f
# END CATALOG HEADER
#
218.27062800000002      40.395311    1   16.014  0.032   15.433  0.027   15.614  0.075   15.289  0.043   15.117  0.063  
    218.296553      40.216124    2   16.663  0.037   16.158  0.045   16.313  0.036   15.971  0.016   15.803  0.224  
    218.312702      40.170285    3   17.142  0.008   16.542  0.107   16.795  0.000   16.280  0.000   9999.000 9999.000  
    218.330978      40.327915    4   16.045  0.059   15.282  0.026   15.596  0.026   15.072  0.032   14.734  0.046  
     218.34639      40.194752    5   15.585  0.044   15.056  0.021   15.225  0.027   14.900  0.028   14.747  0.048  
      218.3478       40.26522    6   9999.000 9999.000   9999.000 9999.000   17.405  0.030   16.594  0.084   15.951  0.000  
     218.35442       40.18677    7   16.260  0.073   15.487  0.045   15.766  0.073   15.197  0.045   15.047  0.089  
    218.367481      40.122017    8   14.576  0.047   13.992  0.011   14.185  0.042   13.812  0.028   13.668  0.037  
218.37985600000002      40.285426    9   18.115  0.064   16.642  0.022   17.274  0.041   16.006  0.049   15.221  0.079  
    218.400933      40.371994   10   14.112  0.012   13.234  0.024   13.610  0.020   12.954  0.019   12.640  0.032  
    218.406638      40.293528   11   16.543  0.065   16.034  0.014   16.146  0.073   15.893  0.067   15.599  0.000  
    218.427906      40.290702   12   17.298  0.112   16.188  0.097   16.622  0.048   15.827  0.045   15.588  0.134  
    218.444907      40.080994   13   15.802  0.214   14.933  0.176   15.295  0.189   14.553  0.152   14.156  0.143  
218.44712900000002      40.238677   14   9999.000 9999.000   9999.000 9999.000   17.357  0.063   16.571  0.081   9999.000 9999.000  
    218.451523      40.094088   15   15.386  0.092   14.754  0.031   15.037  0.107   14.442  0.055   14.079  0.096  
    218.452875      40.118475   16   15.864  0.051   15.171  0.026   15.420  0.023   14.987  0.026   14.827  0.100  
    218.471494      40.190937   17   15.220  0.056   14.524  0.034   14.789  0.023   14.300  0.020   14.144  0.029  
    218.477833       40.17688   18   17.063  0.063   16.455  0.000   16.664  0.075   16.167  0.000   16.000  0.000  
218.48776800000002       40.19154   19   16.227  0.054   15.703  0.046   15.880  0.035   15.573  0.044   15.479  0.090  
218.48782500000002      40.368788   20   16.789  0.000   16.065  0.000   16.398  0.014   15.726  0.000   15.725  0.000  
     218.48835      40.368739   21   16.923  0.052   16.096  0.000   16.356  0.043   15.769  0.031   15.473  0.000  
    218.494075      40.244214   22   9999.000 9999.000   9999.000 9999.000   9999.000 9999.000   15.653  0.236   15.318  0.177  
218.49807099999998      40.124771   23   16.263  0.099   15.482  0.041   15.831  0.055   15.061  0.066   14.896  0.085  
    218.498965      40.341446   24   14.088  0.011   13.407  0.035   13.674  0.028   13.214  0.036   12.922  0.000  
218.50623099999999      40.342023   25   12.811  0.019   12.230  0.016   12.431  0.019   12.094  0.023   11.947  0.029  
    218.525887      40.306483   26   16.612  0.057   15.709  0.014   16.077  0.046   15.362  0.019   15.096  0.034  
    218.532348      40.101656   27   15.712  0.045   14.598  0.040   15.117  0.046   14.107  0.019   13.730  0.035  
    218.536469      40.163647   28   16.398  0.060   15.600  0.038   15.922  0.059   15.266  0.023   15.080  0.047  
    218.537497      40.389034   29   9999.000 9999.000   9999.000 9999.000   17.430  0.043   16.042  0.151   15.194  0.000  
    218.565952      40.374714   30   16.779  0.019   15.885  0.050   16.303  0.068   15.600  0.020   15.306  0.035  
    218.565958      40.288228   31   15.684  0.064   15.014  0.029   15.272  0.021   14.857  0.014   14.709  0.049  
    218.568416      40.215754   32   16.471  0.072   15.575  0.011   15.905  0.087   15.207  0.102   14.833  0.065  
    218.568815      40.387091   33   16.543  0.059   16.278  0.079   16.295  0.055   16.260  0.055   16.167  0.000  
218.57335700000002      40.344739   34   9999.000 9999.000   9999.000 9999.000   17.455  0.000   16.303  0.037   15.764  0.167  
    218.593263      40.099313   35   16.876  0.128   16.293  0.058   16.592  0.034   16.082  0.049   15.943  0.000  
    218.600717      40.082729   36   16.136  0.050   15.584  0.022   15.744  0.033   15.428  0.024   15.267  0.065  
218.60242599999998       40.22029   37   15.599  0.025   14.972  0.050   15.173  0.037   14.810  0.012   14.653  0.043  
    218.616334      40.156528   38   15.219  0.043   14.438  0.035   14.731  0.022   14.184  0.010   13.976  0.029  
    218.618794      40.408575   39   15.141  0.043   14.604  0.013   14.815  0.025   14.479  0.033   14.358  0.040  
218.62052699999998      40.249437   40   16.419  0.054   15.698  0.022   16.013  0.036   15.379  0.042   15.159  0.015  
    218.633252      40.139254   41   16.986  0.065   16.322  0.057   16.662  0.014   16.240  0.062   16.014  0.000  
    218.646423      40.304814   42   17.751  0.112   16.979  0.000   17.296  0.000   16.527  0.000   9999.000 9999.000  
    218.650042      40.206611   43   14.917  0.027   14.353  0.035   14.556  0.020   14.178  0.024   14.031  0.062  
218.65787699999998      40.380107   44   17.012  0.069   16.481  0.043   16.697  0.060   16.154  0.082   15.958  0.115  
    218.662669      40.141193   45   14.311  0.037   13.679  0.014   13.886  0.026   13.501  0.012   13.349  0.043  
    218.676604      40.103313   46   13.651  0.019   13.091  0.023   13.274  0.029   12.932  0.022   12.786  0.027  
    218.691896      40.110767   47   16.015  0.042   15.178  0.042   15.500  0.032   14.858  0.050   14.632  0.041  
