# BEGIN CATALOG HEADER
# nfields 13
#     ra     1  0 d degrees %10.5f
#     dec    2  0 d degrees %10.5f
#     id     3  0 c INDEF %15s
#     B      4 0 r INDEF %6.2f
#     Berr   5 0 r INDEF %6.2f
#     V      6 0 r INDEF %6.2f
#     Verr   7 0 r INDEF %6.2f
#     g      8 0 r INDEF %6.2f
#     gerr   9 0 r INDEF %6.2f
#     r      10 0 r INDEF %6.2f
#     rerr   11 0 r INDEF %6.2f
#     i      12 0 r INDEF %6.2f
#     ierr   13 0 r INDEF %6.2f
# END CATALOG HEADER
#
    160.932718      51.914863    1   14.350  0.048   13.718  0.011   13.991  0.000   13.573  0.000   13.451  0.000  
    160.946009      51.921946    2   15.697  0.080   14.911  0.025   15.204  0.048   14.683  0.023   14.590  0.102  
    160.948585      51.907914    3   16.239  0.172   15.412  0.017   15.799  0.000   15.247  0.000   15.161  0.000  
    160.953698       51.83785    4   17.244  0.138   16.176  0.047   16.617  0.000   15.911  0.000   15.527  0.000  
    160.954491      52.015816    5   13.002  0.070   12.370  0.000   12.620  0.015   12.308  0.089   12.166  0.055  
    161.017353      51.893112    6   15.660  0.012   14.892  0.061   15.225  0.017   14.680  0.044   14.548  0.006  
    161.042356      52.082785    7   14.583  0.081   13.759  0.030   14.118  0.000   13.528  0.000   13.293  0.000  
    161.044279      51.938674    8   15.883  0.028   14.896  0.053   15.365  0.000   14.517  0.000   14.318  0.000  
    161.055973      52.061633    9   12.123  0.078   11.365  0.097   11.652  0.010   11.149  0.077   11.065  0.191  
    161.084345      51.958953   10   15.922  0.060   15.141  0.000   15.478  0.000   14.981  0.034   14.725  0.090  
    161.089487      51.824233   11   17.466  0.310   16.386  0.062   16.899  0.000   15.952  0.000   9999.000 9999.000  
    161.104479      51.786288   12   9999.000 9999.000   9999.000 9999.000   17.026  0.044   15.935  0.000   15.569  0.069  
    161.110597       51.85803   13   17.341  0.174   16.875  0.255   17.132  0.000   16.709  0.000   9999.000 9999.000  
    161.137097      51.882977   14   14.641  0.064   13.880  0.017   14.201  0.000   13.674  0.023   13.619  0.127  
    161.190893      52.031136   15   13.307  0.073   11.996  0.060   12.594  0.020   11.589  0.094   11.257  0.120  
    161.243333      51.829179   16   16.513  0.095   15.723  0.146   15.959  0.163   15.301  0.109   15.117  0.175  
    161.261922      51.863054   17   13.927  0.055   12.986  0.089   13.387  0.016   12.659  0.078   12.472  0.126  
    161.268778      51.921962   18   16.019  0.046   15.292  0.082   15.572  0.060   15.144  0.115   14.902  0.000  
    161.283786      52.093866   19   15.729  0.071   14.664  0.071   15.197  0.006   14.357  0.108   14.037  0.000  
    161.289808      51.822136   20   15.958  0.090   15.363  0.035   15.489  0.161   15.137  0.058   14.992  0.006  
    161.324599      51.897527   21   15.024  0.058   14.047  0.037   14.485  0.028   13.769  0.106   13.478  0.187  
    161.336696      51.945879   22   16.059  0.107   15.354  0.054   15.600  0.030   15.226  0.102   14.955  0.000  
    161.348452       51.92172   23   16.068  0.032   15.397  0.000   15.743  0.000   15.340  0.035   15.231  0.229  
    161.363695      51.965829   24   11.945  0.078   11.042  0.149   11.407  0.008   10.733  0.130   10.574  0.202  
    161.374503      51.834722   25   13.122  0.063   12.240  0.107   12.604  0.010   11.966  0.081   11.838  0.152  
    161.386091      51.991549   26   15.078  0.079   14.460  0.082   14.689  0.000   14.230  0.000   14.132  0.000  
    161.398321      51.822151   27   16.822  0.207   16.266  0.142   16.513  0.101   16.150  0.035   9999.000 9999.000  
    161.403745      52.040441   28   14.278  0.095   13.626  0.126   13.868  0.000   13.429  0.115   13.373  0.206  
    161.417334      51.790394   29   12.109  0.113   11.672  0.066   11.717  0.178   11.539  0.045   11.507  0.135  
    161.463291      51.852542   30   14.813  0.079   14.126  0.028   14.414  0.012   13.988  0.076   13.903  0.186  
