# BEGIN CATALOG HEADER
# nfields 13
#     ra     1  0 d degrees %10.5f
#     dec    2  0 d degrees %10.5f
#     id     3  0 c INDEF %15s
#     B      4 0 r INDEF %6.2f
#     Berr   5 0 r INDEF %6.2f
#     V      6 0 r INDEF %6.2f
#     Verr   7 0 r INDEF %6.2f
#     g      8 0 r INDEF %6.2f
#     gerr   9 0 r INDEF %6.2f
#     r      10 0 r INDEF %6.2f
#     rerr   11 0 r INDEF %6.2f
#     i      12 0 r INDEF %6.2f
#     ierr   13 0 r INDEF %6.2f
# END CATALOG HEADER
#
     69.561765     -20.529798    1   13.701  0.022   13.103  0.026   13.374  0.008   12.947  0.005   12.841  0.042  
     69.566789     -20.650473    2   13.999  0.009   13.180  0.026   13.573  0.018   12.937  0.011   12.766  0.059  
     69.572675     -20.571256    3   16.132  0.043   15.252  0.078   15.714  0.025   15.051  0.037   14.822  0.017  
       69.5759     -20.807732    4   16.267  0.027   15.699  0.238   16.011  0.000   15.512  0.000   15.121  0.000  
     69.587516     -20.572324    5   13.917  0.013   13.355  0.026   13.612  0.005   13.221  0.011   13.128  0.025  
     69.595246     -20.500085    6   16.458  0.017   15.501  0.008   15.976  0.028   15.198  0.030   15.006  0.107  
     69.596991     -20.681341    7   16.203  0.045   15.219  0.087   15.732  0.037   14.823  0.060   14.646  0.016  
     69.600784     -20.649871    8   15.657  0.020   14.568  0.062   15.129  0.011   14.223  0.022   13.881  0.021  
     69.622339     -20.606387    9   15.566  0.044   14.913  0.061   15.247  0.039   14.736  0.062   14.592  0.021  
     69.623378     -20.783489   10   15.189  0.028   14.455  0.021   14.799  0.018   14.278  0.019   14.113  0.000  
     69.623904     -20.743645   11   14.485  0.041   13.970  0.034   14.206  0.011   13.840  0.017   13.745  0.039  
     69.634271      -20.68103   12   15.750  0.044   15.151  0.053   15.428  0.019   15.035  0.027   14.975  0.050  
     69.647732     -20.510444   13   12.863  0.025   11.738  0.022   12.295  0.010   11.366  0.008   11.008  0.022  
     69.655342      -20.58115   14   14.382  0.240   13.575  0.240   13.957  0.224   13.342  0.213   13.233  0.290  
     69.669515     -20.600884   15   13.220  0.015   12.573  0.020   12.868  0.009   12.397  0.012   12.249  0.022  
     69.671875     -20.792821   16   15.664  0.029   14.962  0.017   15.276  0.009   14.794  0.086   14.709  0.000  
     69.683354     -20.711955   17   16.135  0.048   15.449  0.025   15.777  0.017   15.313  0.038   15.179  0.042  
     69.683759     -20.658256   18   16.384  0.075   15.645  0.034   16.080  0.000   15.495  0.000   15.191  0.037  
     69.685035      -20.59158   19   16.879  0.090   15.960  0.000   16.374  0.000   15.497  0.000   15.275  0.069  
     69.687527     -20.704634   20   15.317  0.032   14.785  0.070   15.007  0.020   14.653  0.028   14.533  0.055  
     69.691732     -20.746775   21   17.109  0.166   15.772  0.006   16.379  0.000   15.434  0.000   15.038  0.116  
     69.708805     -20.641336   22   15.813  0.044   15.253  0.011   15.548  0.066   15.059  0.025   14.896  0.085  
     69.713447     -20.584536   23   14.776  0.037   14.144  0.027   14.434  0.005   13.997  0.021   13.870  0.054  
     69.713559     -20.601377   24   15.508  0.045   14.916  0.039   15.166  0.019   14.746  0.030   14.584  0.034  
     69.728315     -20.667367   25   16.002  0.091   15.446  0.029   15.695  0.038   15.284  0.059   15.138  0.102  
     69.731247     -20.528593   26   16.347  0.054   16.054  0.000   16.200  0.000   15.860  0.000   15.658  0.206  
     69.738167     -20.610435   27   16.174  0.082   15.185  0.038   15.668  0.037   14.991  0.006   14.623  0.074  
     69.748824     -20.635644   28   9999.000 9999.000   9999.000 9999.000   16.921  0.056   16.119  0.000   16.094  0.000  
     69.749771     -20.735287   29   13.544  0.043   12.575  0.016   13.055  0.025   12.232  0.020   11.958  0.024  
     69.754549     -20.678412   30   16.004  0.037   15.450  0.026   15.667  0.000   15.430  0.000   9999.000 9999.000  
      69.75936     -20.694756   31   14.946  0.029   14.385  0.034   14.648  0.006   14.202  0.021   14.063  0.027  
     69.798892     -20.816002   32   14.174  0.037   13.238  0.027   13.682  0.017   12.950  0.017   12.661  0.049  
      69.79936     -20.694312   33   9999.000 9999.000   9999.000 9999.000   16.499  0.036   15.189  0.000   14.380  0.023  
     69.803907      -20.52231   34   14.000  0.019   13.505  0.027   13.718  0.014   13.398  0.023   13.341  0.030  
     69.811155     -20.561796   35   15.123  0.044   14.426  0.043   14.754  0.011   14.272  0.035   14.068  0.067  
     69.829422     -20.684397   36   13.620  0.019   12.816  0.025   13.201  0.014   12.558  0.021   12.312  0.042  
     69.832084     -20.603277   37   16.712  0.072   15.574  0.037   16.206  0.060   15.053  0.068   14.654  0.011  
     69.841182      -20.60239   38   14.099  0.023   13.547  0.025   13.806  0.016   13.430  0.016   13.328  0.021  
     69.866498     -20.691375   39   12.251  0.021   11.569  0.034   11.891  0.009   11.380  0.009   11.207  0.027  
      69.88726     -20.536226   40   13.443  0.030   12.781  0.025   13.086  0.006   12.591  0.023   12.431  0.043  
      69.89725     -20.687361   41   14.832  0.017   14.189  0.018   14.482  0.006   13.990  0.018   13.864  0.019  
     69.897996     -20.557407   42   14.196  0.027   13.514  0.027   13.837  0.019   13.309  0.012   13.096  0.006  
     69.910801     -20.704949   43   15.043  0.011   14.376  0.030   14.677  0.024   14.186  0.032   14.051  0.016  
     69.913848     -20.542602   44   13.727  0.017   13.200  0.031   13.439  0.006   13.075  0.012   12.958  0.056  
